group	fill	clickSelects
152	#FFFFFF	223
203	#FFFFFF	223
253	#FFFFFF	223
254	#FFFFFF	223
304	#FFFFFF	223
305	#FFFFFF	223
354	#FFFFFF	223
355	#FFFFFF	223
356	#FFFFFF	223
405	#FFFFFF	223
406	#FFFFFF	223
407	#FFFFFF	223
455	#FFFFFF	223
456	#FFFFFF	223
457	#FFFFFF	223
468	#FFFFFF	223
506	#FFFFFF	223
507	#FFFFFF	223
508	#FFFFFF	223
519	#FFFFFF	223
556	#FFFFFF	223
557	#FFFFFF	223
558	#FFFFFF	223
569	#FFFFFF	223
580	#FFFFFF	223
607	#FFFFFF	223
608	#FFFFFF	223
609	#FFFFFF	223
620	#FFFFFF	223
631	#FFFFFF	223
657	#FFFFFF	223
658	#FFFFFF	223
659	#FFFFFF	223
670	#FFFFFF	223
681	#FFFFFF	1502
692	#FFFFFF	1502
708	#FFFFFF	223
709	#FFFFFF	223
710	#FFFFFF	223
721	#FFFFFF	223
732	#FFFFFF	1502
743	#FFFFFF	1502
758	#FFFFFF	223
759	#FFFFFF	5331
760	#FFFFFF	223
771	#FFFFFF	223
782	#FFFFFF	5332
793	#FFFFFF	1502
804	#FFFFFF	1502
809	#FFFFFF	223
810	#FFFFFF	223
811	#FFFFFF	223
822	#FFFFFF	223
833	#FFFFFF	1502
844	#FFFFFF	1502
854	#FFFFFF	1502
859	#FFFFFF	223
860	#FFFFFF	223
861	#FFFFFF	223
872	#FFFFFF	223
883	#FFFFFF	223
894	#FFFFFF	1502
905	#FFFFFF	1502
906	#FFFFFF	1019
910	#FFFFFF	223
911	#FFFFFF	223
912	#FFFFFF	223
923	#FFFFFF	223
934	#FFFFFF	1502
945	#FFFFFF	1502
955	#FFFFFF	1502
956	#FFFFFF	1019
960	#FFFFFF	223
961	#FFFFFF	223
962	#FFFFFF	223
973	#FFFFFF	223
984	#FFFFFF	1502
995	#FFFFFF	1019
1006	#FFFFFF	1502
1007	#FFFFFF	1019
1008	#FFFFFF	1019
1011	#FFFFFF	223
1012	#FFFFFF	3590
1013	#FFFFFF	223
1024	#FFFFFF	1502
1035	#FFFFFF	1019
1046	#FFFFFF	1502
1056	#FFFFFF	1019
1057	#FFFFFF	1019
1058	#FFFFFF	1019
1061	#FFFFFF	1502
1062	#FFFFFF	223
1063	#FFFFFF	223
1074	#FFFFFF	1502
1085	#FFFFFF	1019
1096	#FFFFFF	1019
1107	#FFFFFF	1019
1108	#FFFFFF	1019
1109	#FFFFFF	1019
1110	#FFFFFF	1019
1112	#FFFFFF	223
1113	#FFFFFF	223
1114	#FFFFFF	1502
1125	#FFFFFF	1019
1136	#FFFFFF	1502
1147	#FFFFFF	1019
1157	#FFFFFF	1019
1158	#FFFFFF	1019
1159	#FFFFFF	1019
1160	#FFFFFF	1019
1263	#FFFFFF	1502
1264	#FFFFFF	223
1265	#FFFFFF	223
1276	#FFFFFF	1502
1287	#FFFFFF	1019
1298	#FFFFFF	1502
1309	#FFFFFF	1019
1310	#FFFFFF	1019
1311	#FFFFFF	1019
1312	#FFFFFF	1019
1313	#FFFFFF	1019
1314	#FFFFFF	223
1315	#FFFFFF	223
1316	#FFFFFF	1502
1327	#FFFFFF	1502
1338	#FFFFFF	1502
1349	#FFFFFF	1019
1359	#FFFFFF	1019
1360	#FFFFFF	1019
1361	#FFFFFF	1019
1362	#FFFFFF	1019
1363	#FFFFFF	1019
1364	#FFFFFF	223
1365	#FFFFFF	223
1366	#FFFFFF	1502
1367	#FFFFFF	1019
1377	#FFFFFF	1019
1388	#FFFFFF	1502
1399	#FFFFFF	1019
1410	#FFFFFF	1019
1411	#FFFFFF	1019
1412	#FFFFFF	1019
1413	#FFFFFF	1019
1414	#FFFFFF	1019
1415	#FFFFFF	1502
1416	#FFFFFF	223
1417	#FFFFFF	1502
1418	#FFFFFF	1019
1428	#FFFFFF	1019
1439	#FFFFFF	1019
1450	#FFFFFF	1019
1460	#FFFFFF	1019
1461	#FFFFFF	1019
1462	#FFFFFF	1019
1463	#FFFFFF	1019
1464	#FFFFFF	1019
1465	#FFFFFF	1502
1466	#FFFFFF	1502
1467	#FFFFFF	1502
1468	#FFFFFF	1019
1469	#FFFFFF	1019
1478	#FFFFFF	1019
1489	#FFFFFF	1019
1500	#FFFFFF	1019
1511	#FFFFFF	1019
1512	#FFFFFF	1019
1513	#FFFFFF	1019
1514	#FFFFFF	1019
1515	#FFFFFF	1019
1516	#FFFFFF	1502
1517	#FFFFFF	1502
1518	#FFFFFF	1019
1519	#FFFFFF	1019
1520	#FFFFFF	146
1529	#FFFFFF	1019
1540	#FFFFFF	1019
1551	#FFFFFF	1019
1561	#FFFFFF	1019
1562	#FFFFFF	1019
1563	#FFFFFF	1019
1564	#FFFFFF	1019
1565	#FFFFFF	1019
1566	#FFFFFF	1502
1567	#FFFFFF	1019
1568	#FFFFFF	1502
1569	#FFFFFF	1019
1570	#FFFFFF	1019
1571	#FFFFFF	146
1579	#FFFFFF	1502
1590	#FFFFFF	1019
1601	#FFFFFF	1019
1612	#FFFFFF	1019
1613	#FFFFFF	1019
1614	#FFFFFF	1019
1615	#FFFFFF	1019
1616	#FFFFFF	1019
1617	#FFFFFF	1502
1618	#FFFFFF	1019
1619	#FFFFFF	1502
1620	#FFFFFF	1019
1621	#FFFFFF	146
1622	#FFFFFF	146
1630	#FFFFFF	1019
1641	#FFFFFF	1019
1652	#FFFFFF	1019
1662	#FFFFFF	1019
1663	#FFFFFF	1019
1664	#FFFFFF	1019
1665	#FFFFFF	1019
1666	#FFFFFF	1019
1667	#FFFFFF	144
1668	#FFFFFF	1019
1669	#FFFFFF	1019
1670	#FFFFFF	146
1671	#FFFFFF	1019
1672	#FFFFFF	146
1673	#FFFFFF	146
1680	#FFFFFF	1019
1691	#FFFFFF	1019
1702	#FFFFFF	1019
1713	#FFFFFF	1019
1714	#FFFFFF	1019
1715	#FFFFFF	1019
1716	#FFFFFF	1019
1717	#FFFFFF	1019
1718	#FFFFFF	146
1719	#FFFFFF	1019
1720	#FFFFFF	1019
1721	#FFFFFF	146
1722	#FFFFFF	146
1723	#FFFFFF	146
1724	#FFFFFF	146
1731	#FFFFFF	1019
1742	#FFFFFF	3403
1753	#FFFFFF	1019
1763	#FFFFFF	1019
1764	#FFFFFF	1019
1765	#FFFFFF	1019
1766	#FFFFFF	1019
1767	#FFFFFF	1019
1768	#FFFFFF	146
1769	#FFFFFF	146
1770	#FFFFFF	1019
1771	#FFFFFF	1019
1772	#FFFFFF	146
1773	#FFFFFF	146
1774	#FFFFFF	146
1775	#FFFFFF	146
1781	#FFFFFF	1019
1792	#FFFFFF	1019
1803	#FFFFFF	1019
1814	#FFFFFF	1019
1815	#FFFFFF	1019
1816	#FFFFFF	1019
1817	#FFFFFF	1019
1818	#FFFFFF	1019
1819	#FFFFFF	146
1820	#FFFFFF	1019
1821	#FFFFFF	1019
1822	#FFFFFF	1019
1823	#FFFFFF	1019
1824	#FFFFFF	146
1825	#FFFFFF	146
1826	#FFFFFF	146
1832	#FFFFFF	1019
1843	#FFFFFF	1019
1854	#FFFFFF	1019
1864	#FFFFFF	1019
1865	#FFFFFF	1019
1866	#FFFFFF	1019
1867	#FFFFFF	1019
1868	#FFFFFF	1019
1869	#FFFFFF	146
1870	#FFFFFF	1019
1871	#FFFFFF	146
1872	#FFFFFF	146
1873	#FFFFFF	1019
1874	#FFFFFF	1019
1875	#FFFFFF	146
1876	#FFFFFF	146
1877	#FFFFFF	146
1882	#FFFFFF	1019
1893	#FFFFFF	1019
1904	#FFFFFF	1019
1915	#FFFFFF	1019
1916	#FFFFFF	1019
1917	#FFFFFF	1019
1918	#FFFFFF	1019
1919	#FFFFFF	146
1920	#FFFFFF	146
1921	#FFFFFF	146
1922	#FFFFFF	146
1923	#FFFFFF	146
1924	#FFFFFF	146
1925	#FFFFFF	1019
1926	#FFFFFF	146
1927	#FFFFFF	146
1928	#FFFFFF	146
1933	#FFFFFF	1019
1944	#FFFFFF	1019
1955	#FFFFFF	1019
1965	#FFFFFF	146
1966	#FFFFFF	146
1967	#FFFFFF	146
1968	#FFFFFF	146
1969	#FFFFFF	146
1970	#FFFFFF	146
1971	#FFFFFF	146
1972	#FFFFFF	144
1973	#FFFFFF	146
1974	#FFFFFF	146
1975	#FFFFFF	146
1976	#FFFFFF	1019
1977	#FFFFFF	146
1978	#FFFFFF	146
1979	#FFFFFF	146
1983	#FFFFFF	146
1994	#FFFFFF	146
2005	#FFFFFF	1019
2016	#FFFFFF	146
2017	#FFFFFF	146
2018	#FFFFFF	146
2019	#FFFFFF	146
2020	#FFFFFF	146
2021	#FFFFFF	144
2022	#FFFFFF	144
2023	#FFFFFF	144
2024	#FFFFFF	146
2025	#FFFFFF	146
2026	#FFFFFF	146
2027	#FFFFFF	1019
2028	#FFFFFF	146
2029	#FFFFFF	146
2030	#FFFFFF	146
2034	#FFFFFF	146
2045	#FFFFFF	1019
2056	#FFFFFF	146
2066	#FFFFFF	146
2067	#FFFFFF	144
2068	#FFFFFF	146
2069	#FFFFFF	146
2070	#FFFFFF	146
2071	#FFFFFF	144
2072	#FFFFFF	144
2073	#FFFFFF	144
2074	#FFFFFF	146
2075	#FFFFFF	146
2076	#FFFFFF	146
2077	#FFFFFF	1019
2078	#FFFFFF	1019
2079	#FFFFFF	146
2080	#FFFFFF	146
2081	#FFFFFF	146
2084	#FFFFFF	144
2095	#FFFFFF	146
2106	#FFFFFF	1019
2117	#FFFFFF	146
2118	#FFFFFF	144
2119	#FFFFFF	146
2120	#FFFFFF	146
2121	#FFFFFF	146
2122	#FFFFFF	144
2123	#FFFFFF	144
2124	#FFFFFF	144
2125	#FFFFFF	146
2126	#FFFFFF	146
2127	#FFFFFF	146
2128	#FFFFFF	1019
2129	#FFFFFF	1019
2130	#FFFFFF	146
2131	#FFFFFF	146
2132	#FFFFFF	146
2135	#FFFFFF	146
2146	#FFFFFF	146
2157	#FFFFFF	146
2167	#FFFFFF	144
2168	#FFFFFF	144
2169	#FFFFFF	146
2170	#FFFFFF	146
2171	#FFFFFF	146
2172	#FFFFFF	144
2173	#FFFFFF	144
2174	#FFFFFF	144
2175	#FFFFFF	146
2176	#FFFFFF	146
2177	#FFFFFF	146
2178	#FFFFFF	146
2179	#FFFFFF	1019
2180	#FFFFFF	146
2181	#FFFFFF	146
2182	#FFFFFF	146
2183	#FFFFFF	146
2185	#FFFFFF	146
2196	#FFFFFF	144
2207	#FFFFFF	146
2218	#FFFFFF	144
2219	#FFFFFF	144
2220	#FFFFFF	144
2221	#FFFFFF	146
2222	#FFFFFF	146
2223	#FFFFFF	144
2224	#FFFFFF	144
2225	#FFFFFF	146
2226	#FFFFFF	146
2227	#FFFFFF	146
2228	#FFFFFF	146
2229	#FFFFFF	146
2230	#FFFFFF	146
2231	#FFFFFF	146
2232	#FFFFFF	146
2233	#FFFFFF	146
2234	#FFFFFF	146
2236	#FFFFFF	144
2247	#FFFFFF	144
2258	#FFFFFF	144
2268	#FFFFFF	144
2269	#FFFFFF	144
2270	#FFFFFF	144
2271	#FFFFFF	146
2272	#FFFFFF	146
2374	#FFFFFF	144
2375	#FFFFFF	144
2376	#FFFFFF	144
2377	#FFFFFF	146
2378	#FFFFFF	146
2379	#FFFFFF	146
2380	#FFFFFF	146
2381	#FFFFFF	146
2382	#FFFFFF	146
2383	#FFFFFF	146
2384	#FFFFFF	146
2385	#FFFFFF	146
2386	#FFFFFF	146
2387	#FFFFFF	144
2398	#FFFFFF	144
2409	#FFFFFF	144
2420	#FFFFFF	144
2421	#FFFFFF	144
2422	#FFFFFF	144
2423	#FFFFFF	144
2424	#FFFFFF	144
2425	#FFFFFF	144
2426	#FFFFFF	144
2427	#FFFFFF	144
2428	#FFFFFF	146
2429	#FFFFFF	146
2430	#FFFFFF	146
2431	#FFFFFF	146
2432	#FFFFFF	146
2433	#FFFFFF	146
2434	#FFFFFF	146
2435	#FFFFFF	146
2436	#FFFFFF	146
2437	#FFFFFF	146
2438	#FFFFFF	144
2449	#FFFFFF	144
2460	#FFFFFF	144
2470	#FFFFFF	144
2471	#FFFFFF	144
2472	#FFFFFF	144
2473	#FFFFFF	144
2474	#FFFFFF	144
2475	#FFFFFF	144
2476	#FFFFFF	144
2477	#FFFFFF	144
2478	#FFFFFF	146
2479	#FFFFFF	146
2480	#FFFFFF	146
2481	#FFFFFF	146
2482	#FFFFFF	146
2483	#FFFFFF	146
2484	#FFFFFF	146
2485	#FFFFFF	146
2486	#FFFFFF	146
2487	#FFFFFF	146
2488	#FFFFFF	144
2489	#FFFFFF	146
2499	#FFFFFF	144
2510	#FFFFFF	144
2521	#FFFFFF	144
2522	#FFFFFF	144
2523	#FFFFFF	144
2524	#FFFFFF	144
2525	#FFFFFF	144
2526	#FFFFFF	144
2527	#FFFFFF	144
2528	#FFFFFF	144
2529	#FFFFFF	146
2530	#FFFFFF	245
2531	#FFFFFF	146
2532	#FFFFFF	245
2533	#FFFFFF	146
2534	#FFFFFF	146
2535	#FFFFFF	146
2536	#FFFFFF	146
2537	#FFFFFF	146
2538	#FFFFFF	245
2539	#FFFFFF	144
2540	#FFFFFF	146
2550	#FFFFFF	144
2561	#FFFFFF	144
2571	#FFFFFF	144
2572	#FFFFFF	144
2573	#FFFFFF	144
2574	#FFFFFF	144
2575	#FFFFFF	144
2576	#FFFFFF	144
2577	#FFFFFF	144
2578	#FFFFFF	144
2579	#FFFFFF	144
2580	#FFFFFF	144
2581	#FFFFFF	245
2582	#FFFFFF	146
2583	#FFFFFF	245
2584	#FFFFFF	146
2585	#FFFFFF	146
2586	#FFFFFF	146
2587	#FFFFFF	146
2588	#FFFFFF	146
2589	#FFFFFF	144
2590	#FFFFFF	245
2591	#FFFFFF	146
2600	#FFFFFF	144
2611	#FFFFFF	144
2622	#FFFFFF	144
2623	#FFFFFF	144
2624	#FFFFFF	144
2625	#FFFFFF	144
2626	#FFFFFF	144
2627	#FFFFFF	144
2628	#FFFFFF	144
2629	#FFFFFF	144
2630	#FFFFFF	144
2631	#FFFFFF	77
2632	#FFFFFF	245
2633	#FFFFFF	146
2634	#FFFFFF	245
2635	#FFFFFF	146
2636	#FFFFFF	146
2637	#FFFFFF	146
2638	#FFFFFF	146
2639	#FFFFFF	146
2640	#FFFFFF	144
2641	#FFFFFF	245
2642	#FFFFFF	146
2651	#FFFFFF	144
2662	#FFFFFF	144
2672	#FFFFFF	144
2673	#FFFFFF	144
2674	#FFFFFF	144
2675	#FFFFFF	144
2676	#FFFFFF	144
2677	#FFFFFF	144
2678	#FFFFFF	144
2679	#FFFFFF	144
2680	#FFFFFF	144
2681	#FFFFFF	77
2682	#FFFFFF	245
2683	#FFFFFF	245
2684	#FFFFFF	245
2685	#FFFFFF	245
2686	#FFFFFF	146
2687	#FFFFFF	146
2688	#FFFFFF	146
2689	#FFFFFF	245
2690	#FFFFFF	144
2691	#FFFFFF	245
2692	#FFFFFF	146
2693	#FFFFFF	146
2701	#FFFFFF	144
2712	#FFFFFF	144
2723	#FFFFFF	144
2724	#FFFFFF	144
2725	#FFFFFF	144
2726	#FFFFFF	144
2727	#FFFFFF	144
2728	#FFFFFF	144
2729	#FFFFFF	144
2730	#FFFFFF	144
2731	#FFFFFF	77
2732	#FFFFFF	77
2733	#FFFFFF	77
2734	#FFFFFF	245
2735	#FFFFFF	245
2736	#FFFFFF	245
2737	#FFFFFF	146
2738	#FFFFFF	245
2739	#FFFFFF	245
2740	#FFFFFF	245
2741	#FFFFFF	144
2742	#FFFFFF	3927
2743	#FFFFFF	146
2744	#FFFFFF	1409
2752	#FFFFFF	144
2763	#FFFFFF	144
2773	#FFFFFF	144
2774	#FFFFFF	144
2775	#FFFFFF	144
2776	#FFFFFF	144
2777	#FFFFFF	144
2778	#FFFFFF	144
2779	#FFFFFF	144
2780	#FFFFFF	144
2781	#FFFFFF	144
2782	#FFFFFF	77
2783	#FFFFFF	77
2784	#FFFFFF	245
2785	#FFFFFF	245
2786	#FFFFFF	245
2787	#FFFFFF	146
2788	#FFFFFF	245
2789	#FFFFFF	245
2790	#FFFFFF	245
2791	#FFFFFF	144
2792	#FFFFFF	146
2793	#FFFFFF	146
2794	#FFFFFF	1409
2795	#FFFFFF	4809
2802	#FFFFFF	144
2813	#FFFFFF	144
2824	#FFFFFF	144
2825	#FFFFFF	144
2826	#FFFFFF	144
2827	#FFFFFF	144
2828	#FFFFFF	144
2829	#FFFFFF	144
2830	#FFFFFF	144
2831	#FFFFFF	144
2832	#FFFFFF	77
2833	#FFFFFF	77
2834	#FFFFFF	245
2835	#FFFFFF	245
2836	#FFFFFF	245
2837	#FFFFFF	245
2838	#FFFFFF	245
2839	#FFFFFF	245
2840	#FFFFFF	245
2841	#FFFFFF	245
2842	#FFFFFF	144
2843	#FFFFFF	146
2844	#FFFFFF	1409
2845	#FFFFFF	1409
2846	#FFFFFF	57
2853	#FFFFFF	144
2864	#FFFFFF	144
2874	#FFFFFF	144
2875	#FFFFFF	144
2876	#FFFFFF	144
2877	#FFFFFF	144
2878	#FFFFFF	77
2879	#FFFFFF	144
2880	#FFFFFF	144
2881	#FFFFFF	144
2882	#FFFFFF	77
2883	#FFFFFF	77
2884	#FFFFFF	3504
2885	#FFFFFF	245
2886	#FFFFFF	245
2887	#FFFFFF	245
2888	#FFFFFF	245
2889	#FFFFFF	245
2890	#FFFFFF	245
2891	#FFFFFF	245
2892	#FFFFFF	144
2893	#FFFFFF	146
2894	#FFFFFF	1409
2895	#FFFFFF	57
2896	#FFFFFF	57
2897	#FFFFFF	57
2903	#FFFFFF	144
2914	#FFFFFF	144
2925	#FFFFFF	144
2926	#FFFFFF	144
2927	#FFFFFF	144
2928	#FFFFFF	144
2929	#FFFFFF	77
2930	#FFFFFF	144
2931	#FFFFFF	144
2932	#FFFFFF	144
2933	#FFFFFF	77
2934	#FFFFFF	77
2935	#FFFFFF	245
2936	#FFFFFF	77
2937	#FFFFFF	245
2938	#FFFFFF	245
2939	#FFFFFF	245
2940	#FFFFFF	245
2941	#FFFFFF	2995
2942	#FFFFFF	146
2943	#FFFFFF	144
2944	#FFFFFF	1409
2945	#FFFFFF	4035
2946	#FFFFFF	57
2947	#FFFFFF	57
2948	#FFFFFF	57
2954	#FFFFFF	144
2965	#FFFFFF	144
2975	#FFFFFF	144
2976	#FFFFFF	144
2977	#FFFFFF	144
2978	#FFFFFF	144
2979	#FFFFFF	144
2980	#FFFFFF	144
2981	#FFFFFF	144
2982	#FFFFFF	144
2983	#FFFFFF	77
2984	#FFFFFF	245
2985	#FFFFFF	77
2986	#FFFFFF	77
2987	#FFFFFF	245
2988	#FFFFFF	5639
2989	#FFFFFF	245
2990	#FFFFFF	5639
2991	#FFFFFF	2995
2992	#FFFFFF	1409
2993	#FFFFFF	144
2994	#FFFFFF	1409
2995	#FFFFFF	57
2996	#FFFFFF	57
2997	#FFFFFF	57
2998	#FFFFFF	57
2999	#FFFFFF	57
3004	#FFFFFF	144
3015	#FFFFFF	144
3026	#FFFFFF	144
3027	#FFFFFF	144
3028	#FFFFFF	77
3029	#FFFFFF	77
3030	#FFFFFF	144
3031	#FFFFFF	144
3032	#FFFFFF	144
3033	#FFFFFF	144
3034	#FFFFFF	77
3035	#FFFFFF	245
3036	#FFFFFF	77
3037	#FFFFFF	245
3038	#FFFFFF	5639
3039	#FFFFFF	5639
3040	#FFFFFF	5639
3041	#FFFFFF	1409
3042	#FFFFFF	1409
3043	#FFFFFF	1409
3044	#FFFFFF	144
3045	#FFFFFF	1409
3046	#FFFFFF	57
3047	#FFFFFF	57
3048	#FFFFFF	57
3049	#FFFFFF	57
3050	#FFFFFF	57
3055	#FFFFFF	144
3066	#FFFFFF	144
3076	#FFFFFF	144
3077	#FFFFFF	77
3078	#FFFFFF	77
3079	#FFFFFF	77
3080	#FFFFFF	77
3081	#FFFFFF	3223
3082	#FFFFFF	144
3083	#FFFFFF	144
3084	#FFFFFF	77
3085	#FFFFFF	245
3086	#FFFFFF	245
3087	#FFFFFF	245
3088	#FFFFFF	5639
3089	#FFFFFF	1409
3090	#FFFFFF	5639
3091	#FFFFFF	1409
3092	#FFFFFF	1409
3093	#FFFFFF	1409
3094	#FFFFFF	144
3095	#FFFFFF	1409
3096	#FFFFFF	57
3097	#FFFFFF	57
3098	#FFFFFF	57
3099	#FFFFFF	57
3100	#FFFFFF	57
3101	#FFFFFF	57
3105	#FFFFFF	144
3116	#FFFFFF	144
3127	#FFFFFF	144
3128	#FFFFFF	144
3129	#FFFFFF	77
3130	#FFFFFF	77
3131	#FFFFFF	77
3132	#FFFFFF	144
3133	#FFFFFF	144
3134	#FFFFFF	144
3135	#FFFFFF	77
3136	#FFFFFF	245
3137	#FFFFFF	245
3138	#FFFFFF	5639
3139	#FFFFFF	1409
3140	#FFFFFF	1409
3141	#FFFFFF	5639
3142	#FFFFFF	1409
3143	#FFFFFF	1409
3144	#FFFFFF	1409
3145	#FFFFFF	144
3146	#FFFFFF	1409
3147	#FFFFFF	57
3148	#FFFFFF	57
3149	#FFFFFF	57
3150	#FFFFFF	57
3151	#FFFFFF	57
3152	#FFFFFF	57
3156	#FFFFFF	144
3167	#FFFFFF	144
3177	#FFFFFF	144
3178	#FFFFFF	77
3179	#FFFFFF	77
3180	#FFFFFF	77
3181	#FFFFFF	77
3182	#FFFFFF	3223
3183	#FFFFFF	144
3184	#FFFFFF	144
3185	#FFFFFF	77
3186	#FFFFFF	245
3187	#FFFFFF	245
3188	#FFFFFF	5639
3189	#FFFFFF	1409
3190	#FFFFFF	57
3191	#FFFFFF	1409
3192	#FFFFFF	5639
3193	#FFFFFF	1409
3194	#FFFFFF	1409
3195	#FFFFFF	144
3196	#FFFFFF	1409
3197	#FFFFFF	1409
3198	#FFFFFF	57
3199	#FFFFFF	57
3200	#FFFFFF	57
3201	#FFFFFF	57
3202	#FFFFFF	57
3203	#FFFFFF	57
3206	#FFFFFF	144
3217	#FFFFFF	144
3228	#FFFFFF	144
3229	#FFFFFF	77
3230	#FFFFFF	77
3231	#FFFFFF	77
3232	#FFFFFF	77
3233	#FFFFFF	3223
3234	#FFFFFF	144
3235	#FFFFFF	144
3236	#FFFFFF	77
3237	#FFFFFF	245
3238	#FFFFFF	5639
3239	#FFFFFF	1409
3240	#FFFFFF	57
3241	#FFFFFF	57
3242	#FFFFFF	1409
3243	#FFFFFF	1409
3244	#FFFFFF	1409
3245	#FFFFFF	1409
3246	#FFFFFF	144
3247	#FFFFFF	1409
3248	#FFFFFF	57
3249	#FFFFFF	57
3250	#FFFFFF	57
3251	#FFFFFF	57
3252	#FFFFFF	57
3253	#FFFFFF	57
3254	#FFFFFF	57
3257	#FFFFFF	144
3268	#FFFFFF	3222
3278	#FFFFFF	144
3279	#FFFFFF	144
3280	#FFFFFF	77
3281	#FFFFFF	77
3282	#FFFFFF	77
3283	#FFFFFF	144
3284	#FFFFFF	144
3285	#FFFFFF	144
3286	#FFFFFF	144
3287	#FFFFFF	77
3288	#FFFFFF	245
3289	#FFFFFF	5639
3290	#FFFFFF	57
3291	#FFFFFF	57
3292	#FFFFFF	1409
3293	#FFFFFF	1409
3294	#FFFFFF	4996
3295	#FFFFFF	1409
3296	#FFFFFF	144
3297	#FFFFFF	1409
3298	#FFFFFF	1409
3299	#FFFFFF	57
3300	#FFFFFF	57
3301	#FFFFFF	57
3302	#FFFFFF	57
3303	#FFFFFF	57
3304	#FFFFFF	57
3305	#FFFFFF	57
3307	#FFFFFF	144
3318	#FFFFFF	144
3329	#FFFFFF	3222
3330	#FFFFFF	3222
3331	#FFFFFF	144
3332	#FFFFFF	144
3333	#FFFFFF	77
3334	#FFFFFF	144
3335	#FFFFFF	144
3336	#FFFFFF	144
3337	#FFFFFF	77
3338	#FFFFFF	245
3339	#FFFFFF	5639
3340	#FFFFFF	245
3341	#FFFFFF	57
3342	#FFFFFF	1409
3343	#FFFFFF	1409
3344	#FFFFFF	1409
3345	#FFFFFF	1409
3346	#FFFFFF	57
3347	#FFFFFF	144
3348	#FFFFFF	57
3349	#FFFFFF	1409
3350	#FFFFFF	57
3351	#FFFFFF	57
3352	#FFFFFF	57
3353	#FFFFFF	57
3354	#FFFFFF	57
3355	#FFFFFF	57
3356	#FFFFFF	57
3358	#FFFFFF	144
3369	#FFFFFF	3222
3379	#FFFFFF	3222
3380	#FFFFFF	3222
3381	#FFFFFF	144
3382	#FFFFFF	144
3383	#FFFFFF	144
3485	#FFFFFF	144
3486	#FFFFFF	144
3487	#FFFFFF	144
3488	#FFFFFF	77
3489	#FFFFFF	245
3490	#FFFFFF	5639
3491	#FFFFFF	245
3492	#FFFFFF	57
3493	#FFFFFF	57
3494	#FFFFFF	57
3495	#FFFFFF	1409
3496	#FFFFFF	1409
3497	#FFFFFF	1409
3498	#FFFFFF	144
3499	#FFFFFF	57
3500	#FFFFFF	57
3501	#FFFFFF	57
3502	#FFFFFF	57
3503	#FFFFFF	57
3504	#FFFFFF	57
3505	#FFFFFF	57
3506	#FFFFFF	57
3507	#FFFFFF	57
3508	#FFFFFF	57
3509	#FFFFFF	144
3520	#FFFFFF	144
3531	#FFFFFF	144
3532	#FFFFFF	144
3533	#FFFFFF	3222
3534	#FFFFFF	144
3535	#FFFFFF	144
3536	#FFFFFF	144
3537	#FFFFFF	144
3538	#FFFFFF	144
3539	#FFFFFF	77
3540	#FFFFFF	245
3541	#FFFFFF	245
3542	#FFFFFF	57
3543	#FFFFFF	57
3544	#FFFFFF	57
3545	#FFFFFF	57
3546	#FFFFFF	1409
3547	#FFFFFF	1409
3548	#FFFFFF	57
3549	#FFFFFF	144
3550	#FFFFFF	5750
3551	#FFFFFF	5750
3552	#FFFFFF	57
3553	#FFFFFF	57
3554	#FFFFFF	57
3555	#FFFFFF	57
3556	#FFFFFF	57
3557	#FFFFFF	57
3558	#FFFFFF	1431
3559	#FFFFFF	1431
3560	#FFFFFF	144
3571	#FFFFFF	144
3581	#FFFFFF	144
3582	#FFFFFF	3222
3583	#FFFFFF	144
3584	#FFFFFF	144
3585	#FFFFFF	77
3586	#FFFFFF	144
3587	#FFFFFF	144
3588	#FFFFFF	144
3589	#FFFFFF	245
3590	#FFFFFF	245
3591	#FFFFFF	245
3592	#FFFFFF	57
3593	#FFFFFF	57
3594	#FFFFFF	57
3595	#FFFFFF	57
3596	#FFFFFF	1409
3597	#FFFFFF	57
3598	#FFFFFF	57
3599	#FFFFFF	144
3600	#FFFFFF	57
3601	#FFFFFF	5750
3602	#FFFFFF	57
3603	#FFFFFF	57
3604	#FFFFFF	57
3605	#FFFFFF	57
3606	#FFFFFF	57
3607	#FFFFFF	57
3608	#FFFFFF	57
3609	#FFFFFF	1431
3610	#FFFFFF	144
3611	#FFFFFF	1431
3621	#FFFFFF	144
3632	#FFFFFF	144
3633	#FFFFFF	144
3634	#FFFFFF	144
3635	#FFFFFF	144
3636	#FFFFFF	77
3637	#FFFFFF	144
3638	#FFFFFF	144
3639	#FFFFFF	144
3640	#FFFFFF	245
3641	#FFFFFF	245
3642	#FFFFFF	57
3643	#FFFFFF	57
3644	#FFFFFF	57
3645	#FFFFFF	57
3646	#FFFFFF	57
3647	#FFFFFF	1409
3648	#FFFFFF	57
3649	#FFFFFF	57
3650	#FFFFFF	144
3651	#FFFFFF	5750
3652	#FFFFFF	5750
3653	#FFFFFF	57
3654	#FFFFFF	57
3655	#FFFFFF	57
3656	#FFFFFF	57
3657	#FFFFFF	57
3658	#FFFFFF	57
3659	#FFFFFF	1431
3660	#FFFFFF	57
3661	#FFFFFF	144
3662	#FFFFFF	1431
3672	#FFFFFF	144
3682	#FFFFFF	144
3683	#FFFFFF	144
3684	#FFFFFF	77
3685	#FFFFFF	77
3686	#FFFFFF	245
3687	#FFFFFF	144
3688	#FFFFFF	144
3689	#FFFFFF	144
3690	#FFFFFF	245
3691	#FFFFFF	245
3692	#FFFFFF	245
3693	#FFFFFF	57
3694	#FFFFFF	57
3695	#FFFFFF	57
3696	#FFFFFF	57
3697	#FFFFFF	1409
3698	#FFFFFF	57
3699	#FFFFFF	5750
3700	#FFFFFF	144
3701	#FFFFFF	5750
3702	#FFFFFF	5750
3703	#FFFFFF	57
3704	#FFFFFF	57
3705	#FFFFFF	57
3706	#FFFFFF	57
3707	#FFFFFF	57
3708	#FFFFFF	57
3709	#FFFFFF	1431
3710	#FFFFFF	57
3711	#FFFFFF	144
3712	#FFFFFF	1431
3713	#FFFFFF	1431
3722	#FFFFFF	144
3733	#FFFFFF	144
3734	#FFFFFF	144
3735	#FFFFFF	77
3736	#FFFFFF	77
3737	#FFFFFF	245
3738	#FFFFFF	144
3739	#FFFFFF	144
3740	#FFFFFF	144
3741	#FFFFFF	245
3742	#FFFFFF	245
3743	#FFFFFF	245
3744	#FFFFFF	57
3745	#FFFFFF	57
3746	#FFFFFF	57
3747	#FFFFFF	57
3748	#FFFFFF	57
3749	#FFFFFF	57
3750	#FFFFFF	5750
3751	#FFFFFF	144
3752	#FFFFFF	57
3753	#FFFFFF	57
3754	#FFFFFF	57
3755	#FFFFFF	57
3756	#FFFFFF	57
3757	#FFFFFF	57
3758	#FFFFFF	57
3759	#FFFFFF	1431
3760	#FFFFFF	57
3761	#FFFFFF	57
3762	#FFFFFF	144
3763	#FFFFFF	1431
3764	#FFFFFF	1431
3773	#FFFFFF	144
3783	#FFFFFF	77
3784	#FFFFFF	77
3785	#FFFFFF	77
3786	#FFFFFF	77
3787	#FFFFFF	245
3788	#FFFFFF	144
3789	#FFFFFF	144
3790	#FFFFFF	144
3791	#FFFFFF	245
3792	#FFFFFF	1680
3793	#FFFFFF	1680
3794	#FFFFFF	57
3795	#FFFFFF	57
3796	#FFFFFF	57
3797	#FFFFFF	57
3798	#FFFFFF	57
3799	#FFFFFF	57
3800	#FFFFFF	57
3801	#FFFFFF	144
3802	#FFFFFF	57
3803	#FFFFFF	57
3804	#FFFFFF	57
3805	#FFFFFF	57
3806	#FFFFFF	57
3807	#FFFFFF	57
3808	#FFFFFF	57
3809	#FFFFFF	1431
3810	#FFFFFF	1431
3811	#FFFFFF	57
3812	#FFFFFF	144
3813	#FFFFFF	57
3814	#FFFFFF	57
3815	#FFFFFF	57
3823	#FFFFFF	144
3834	#FFFFFF	144
3835	#FFFFFF	77
3836	#FFFFFF	77
3837	#FFFFFF	77
3838	#FFFFFF	77
3839	#FFFFFF	144
3840	#FFFFFF	144
3841	#FFFFFF	144
3842	#FFFFFF	1680
3843	#FFFFFF	1680
3844	#FFFFFF	1680
3845	#FFFFFF	57
3846	#FFFFFF	57
3847	#FFFFFF	57
3848	#FFFFFF	57
3849	#FFFFFF	57
3850	#FFFFFF	57
3851	#FFFFFF	57
3852	#FFFFFF	144
3853	#FFFFFF	57
3854	#FFFFFF	57
3855	#FFFFFF	57
3856	#FFFFFF	57
3857	#FFFFFF	57
3858	#FFFFFF	57
3859	#FFFFFF	57
3860	#FFFFFF	1431
3861	#FFFFFF	57
3862	#FFFFFF	57
3863	#FFFFFF	144
3864	#FFFFFF	57
3865	#FFFFFF	57
3866	#FFFFFF	57
3874	#FFFFFF	144
3884	#FFFFFF	144
3885	#FFFFFF	77
3886	#FFFFFF	77
3887	#FFFFFF	77
3888	#FFFFFF	245
3889	#FFFFFF	144
3890	#FFFFFF	144
3891	#FFFFFF	144
3892	#FFFFFF	245
3893	#FFFFFF	1680
3894	#FFFFFF	1680
3895	#FFFFFF	1680
3896	#FFFFFF	1680
3897	#FFFFFF	57
3898	#FFFFFF	57
3899	#FFFFFF	57
3900	#FFFFFF	57
3901	#FFFFFF	57
3902	#FFFFFF	144
3903	#FFFFFF	57
3904	#FFFFFF	57
3905	#FFFFFF	57
3906	#FFFFFF	57
3907	#FFFFFF	57
3908	#FFFFFF	57
3909	#FFFFFF	57
3910	#FFFFFF	1431
3911	#FFFFFF	57
3912	#FFFFFF	57
3913	#FFFFFF	144
3914	#FFFFFF	57
3915	#FFFFFF	57
3916	#FFFFFF	57
3917	#FFFFFF	57
3924	#FFFFFF	144
3935	#FFFFFF	144
3936	#FFFFFF	77
3937	#FFFFFF	4223
3938	#FFFFFF	4223
3939	#FFFFFF	77
3940	#FFFFFF	144
3941	#FFFFFF	144
3942	#FFFFFF	144
3943	#FFFFFF	1680
3944	#FFFFFF	1680
3945	#FFFFFF	1680
3946	#FFFFFF	1680
3947	#FFFFFF	57
3948	#FFFFFF	57
3949	#FFFFFF	57
3950	#FFFFFF	57
3951	#FFFFFF	57
3952	#FFFFFF	57
3953	#FFFFFF	144
3954	#FFFFFF	57
3955	#FFFFFF	57
3956	#FFFFFF	57
3957	#FFFFFF	57
3958	#FFFFFF	57
3959	#FFFFFF	57
3960	#FFFFFF	57
3961	#FFFFFF	1431
3962	#FFFFFF	5965
3963	#FFFFFF	57
3964	#FFFFFF	144
3965	#FFFFFF	57
3966	#FFFFFF	57
3967	#FFFFFF	57
3968	#FFFFFF	57
3975	#FFFFFF	144
3985	#FFFFFF	77
3986	#FFFFFF	77
3987	#FFFFFF	4223
3988	#FFFFFF	77
3989	#FFFFFF	245
